1.0000
1.0000
0.9754
0.9754
0.9752
0.9752
0.9678
0.9678
0.9621
0.9620
0.9614
0.9614
0.9564
0.9564
0.9510
0.9509
0.9490
0.9490
0.9473
0.9473
0.9468
0.9467
0.9454
0.9454
0.9421
0.9421
0.9372
0.9372
0.9365
0.9365
0.9334
0.9334
0.9328
0.9328
0.9325
0.9325
0.9319
0.9318
0.9314
0.9313
0.9287
0.9287
0.9253
0.9253
0.9247
0.9247
0.9234
0.9233
0.9228
0.9228
0.9220
0.9220
0.9209
0.9209
0.9170
0.9170
0.9169
0.9169
0.9159
0.9159
0.9156
0.9156
0.9147
0.9147
0.9133
0.9133
0.9121
0.9121
0.9120
0.9119
0.9109
0.9109
0.9096
0.9096
0.9086
0.9086
0.9071
0.9071
0.9063
0.9063
0.9058
0.9058
0.9052
0.9052
0.9049
0.9049
0.9045
0.9045
0.9030
0.9030
0.9020
0.9020
0.9019
0.9019
0.9004
0.9004
0.8991
0.8991
0.8989
0.8989
0.8989
0.8989
0.8984
0.8984
0.8982
0.8981
0.8981
0.8981
0.8958
0.8958
0.8946
0.8946
0.8939
0.8939
0.8935
0.8934
0.8930
0.8930
0.8929
0.8929
0.8923
0.8923
0.8917
0.8917
0.8914
0.8914
0.8906
0.8906
0.8898
0.8898
0.8897
0.8897
0.8896
0.8896
0.8895
0.8895
0.8891
0.8891
0.8891
0.8891
0.8887
0.8887
0.8879
0.8879
0.8873
0.8873
0.8871
0.8871
0.8868
0.8867
0.8867
0.8866
0.8859
0.8859
0.8853
0.8853
0.8849
0.8849
0.8846
0.8846
0.8840
0.8840
0.8837
0.8837
0.8835
0.8835
0.8829
0.8829
0.8821
0.8821
0.8820
0.8820
0.8820
0.8820
0.8819
0.8819
0.8817
0.8817
0.8815
0.8814
0.8808
0.8808
0.8806
0.8806
0.8802
0.8802
0.8799
0.8799
0.8797
0.8797
0.8791
0.8791
0.8790
0.8790
0.8789
0.8789
0.8783
0.8783
0.8778
0.8778
0.8777
0.8777
0.8777
0.8777
0.8775
0.8775
0.8768
0.8767
0.8766
0.8765
0.8760
0.8760
0.8759
0.8759
0.8758
0.8758
0.8758
0.8758
0.8750
0.8749
0.8747
0.8747
0.8742
0.8742
0.8742
0.8742
0.8734
0.8734
0.8732
0.8731
0.8729
0.8729
0.8727
0.8727
0.8727
0.8727
0.8725
0.8725
0.8725
0.8725
0.8723
0.8723
0.8721
0.8721
0.8717
0.8717
0.8714
0.8714
0.8713
0.8713
0.8708
0.8707
0.8707
0.8707
0.8706
0.8706
0.8704
0.8704
0.8702
0.8702
0.8702
0.8702
0.8698
0.8698
0.8697
0.8697
0.8693
0.8693
0.8689
0.8689
0.8687
0.8687
0.8686
0.8686
0.8686
0.8686
0.8685
0.8685
0.8682
0.8682
0.8678
0.8678
0.8675
0.8675
0.8675
0.8675
0.8673
0.8673
0.8673
0.8673
0.8669
0.8669
0.8669
0.8669
0.8668
0.8668
0.8663
0.8663
0.8661
0.8661
0.8658
0.8658
0.8656
0.8656
0.8656
0.8656
0.8656
0.8656
0.8654
0.8654
0.8652
0.8652
0.8652
0.8652
0.8651
0.8651
0.8647
0.8647
0.8646
0.8646
0.8645
0.8645
0.8644
0.8644
0.8643
0.8643
0.8643
0.8643
0.8641
0.8640
0.8640
0.8640
0.8640
0.8640
0.8640
0.8640
0.8638
0.8638
0.8636
0.8636
0.8633
0.8633
0.8632
0.8632
0.8630
0.8630
0.8627
0.8627
0.8627
0.8627
0.8625
0.8625
0.8624
0.8624
0.8615
0.8615
0.8615
0.8615
0.8613
0.8613
0.8613
0.8613
0.8609
0.8609
0.8608
0.8608
0.8608
0.8607
0.8607
0.8607
0.8606
0.8606
0.8606
0.8606
0.8603
0.8603
0.8599
0.8599
0.8597
0.8596
0.8594
0.8594
0.8594
0.8594
0.8593
0.8593
0.8593
0.8592
0.8585
0.8585
0.8583
0.8583
0.8581
0.8580
0.8575
0.8575
0.8571
0.8571
0.8570
0.8570
0.8569
0.8569
0.8569
0.8569
0.8568
0.8568
0.8567
0.8567
0.8563
0.8563
0.8557
0.8557
0.8555
0.8555
0.8555
0.8555
0.8554
0.8554
0.8547
0.8547
0.8546
0.8546
0.8545
0.8545
0.8542
0.8542
0.8541
0.8541
0.8534
0.8534
0.8534
0.8534
0.8532
0.8532
0.8530
0.8530
0.8529
0.8529
0.8528
0.8528
0.8528
0.8527
0.8526
0.8526
0.8526
0.8526
0.8526
0.8526
0.8521
0.8521
0.8517
0.8516
0.8515
0.8515
0.8514
0.8514
0.8514
0.8514
0.8513
0.8513
0.8512
0.8511
0.8511
0.8511
0.8511
0.8511
0.8510
0.8510
0.8507
0.8507
0.8506
0.8506
0.8506
0.8506
0.8505
0.8505
0.8504
0.8503
0.8503
0.8503
0.8500
0.8500
0.8498
0.8498
0.8498
0.8498
0.8496
0.8496
0.8494
0.8494
0.8493
0.8493
0.8491
0.8491
0.8488
0.8488
0.8487
0.8487
0.8487
0.8487
0.8485
0.8485
0.8485
0.8485
0.8482
0.8482
0.8479
0.8479
0.8479
0.8479
0.8476
0.8476
0.8474
0.8474
0.8472
0.8472
0.8471
0.8471
0.8471
0.8471
0.8470
0.8470
0.8467
0.8467
0.8466
0.8466
0.8466
0.8466
0.8465
0.8465
0.8465
0.8465
0.8461
0.8461
0.8456
0.8456
0.8455
0.8455
0.8455
0.8455
0.8453
0.8453
0.8452
0.8452
0.8451
0.8451
0.8450
0.8450
0.8450
0.8450
0.8445
0.8445
0.8440
0.8440
0.8440
0.8439
0.8437
0.8437
0.8437
0.8437
0.8434
0.8434
0.8432
0.8432
0.8430
0.8430
0.8430
0.8429
0.8427
0.8427
0.8427
0.8426
0.8425
0.8425
0.8424
0.8424
0.8424
0.8423
0.8421
0.8421
0.8418
0.8418
0.8417
0.8417
0.8415
0.8415
0.8412
0.8412
0.8411
0.8411
0.8410
0.8410
0.8409
0.8409
0.8408
0.8408
0.8408
0.8407
0.8406
0.8406
0.8405
0.8405
0.8403
0.8403
0.8402
0.8402
0.8402
0.8402
0.8401
0.8401
0.8401
0.8401
0.8399
0.8399
0.8398
0.8398
0.8397
0.8396
0.8394
0.8394
0.8393
0.8392
0.8392
0.8392
0.8392
0.8392
0.8391
0.8391
0.8390
0.8390
0.8387
0.8387
0.8384
0.8384
0.8384
0.8384
0.8384
0.8383
0.8382
0.8382
0.8381
0.8381
0.8381
0.8381
0.8378
0.8378
0.8377
0.8377
0.8373
0.8373
0.8373
0.8373
0.8373
0.8373
0.8373
0.8373
0.8372
0.8372
0.8372
0.8372
0.8364
0.8364
0.8363
0.8363
0.8363
0.8363
0.8360
0.8360
0.8359
0.8359
0.8358
0.8358
0.8354
0.8354
0.8353
0.8353
0.8349
0.8349
0.8349
0.8349
0.8346
0.8346
0.8346
0.8346
0.8344
0.8344
0.8343
0.8343
0.8343
0.8343
0.8343
0.8343
0.8343
0.8343
0.8342
0.8342
0.8342
0.8342
0.8341
0.8341
0.8337
0.8337
0.8336
0.8336
0.8333
0.8333
0.8332
0.8332
0.8331
0.8331
0.8330
0.8329
0.8327
0.8327
0.8327
0.8327
0.8326
0.8326
0.8326
0.8326
0.8324
0.8324
0.8322
0.8322
0.8318
0.8318
0.8318
0.8318
0.8316
0.8316
0.8315
0.8315
0.8315
0.8315
0.8314
0.8314
0.8314
0.8314
0.8313
0.8313
0.8310
0.8310
0.8309
0.8309
0.8309
0.8309
0.8307
0.8307
0.8305
0.8305
0.8305
0.8305
0.8305
0.8305
0.8304
0.8304
0.8303
0.8303
0.8302
0.8302
0.8301
0.8301
0.8300
0.8300
0.8299
0.8299
0.8298
0.8298
0.8296
0.8296
0.8295
0.8294
0.8294
0.8294
0.8291
0.8291
0.8291
0.8291
0.8284
0.8284
0.8284
0.8284
0.8283
0.8283
0.8278
0.8278
0.8278
0.8278
0.8274
0.8274
0.8274
0.8273
0.8272
0.8272
0.8271
0.8271
0.8271
0.8271
0.8269
0.8269
0.8267
0.8267
0.8265
0.8265
0.8265
0.8265
0.8265
0.8264
0.8263
0.8262
0.8261
0.8261
0.8259
0.8259
0.8257
0.8257
0.8257
0.8257
0.8256
0.8256
0.8256
0.8256
0.8256
0.8256
0.8255
0.8255
0.8254
0.8254
0.8251
0.8250
0.8250
0.8250
0.8249
0.8248
0.8242
0.8242
0.8236
0.8236
0.8235
0.8235
0.8235
0.8235
0.8232
0.8232
0.8232
0.8232
0.8231
0.8231
0.8230
0.8230
0.8229
0.8229
0.8227
0.8227
0.8227
0.8227
0.8226
0.8226
0.8225
0.8225
0.8225
0.8225
0.8224
0.8224
0.8223
0.8223
0.8222
0.8221
0.8221
0.8221
0.8220
0.8220
0.8219
0.8219
0.8217
0.8217
0.8215
0.8215
0.8214
0.8214
0.8214
0.8213
0.8213
0.8213
0.8211
0.8211
0.8210
0.8210
0.8210
0.8210
0.8206
0.8206
0.8205
0.8205
0.8205
0.8204
0.8204
0.8204
0.8203
0.8203
0.8202
0.8202
0.8200
0.8200
0.8200
0.8200
0.8198
0.8198
0.8197
0.8197
0.8197
0.8197
0.8196
0.8196
0.8196
0.8196
0.8195
0.8195
0.8195
0.8194
0.8194
0.8194
0.8194
0.8194
0.8193
0.8193
0.8193
0.8193
0.8193
0.8192
0.8192
0.8192
0.8190
0.8190
0.8190
0.8190
0.8189
0.8189
0.8187
0.8187
0.8186
0.8186
0.8186
0.8186
0.8186
0.8186
0.8184
0.8184
0.8183
0.8183
0.8182
0.8182
0.8177
0.8177
0.8175
0.8175
0.8174
0.8174
0.8174
0.8174
0.8174
0.8173
0.8173
0.8173
0.8171
0.8171
0.8170
0.8170
0.8170
0.8170
0.8169
0.8169
0.8169
0.8169
0.8168
0.8168
0.8167
0.8167
0.8165
0.8165
0.8165
0.8165
0.8161
0.8161
0.8160
0.8160
0.8158
0.8158
0.8157
0.8157
0.8155
0.8155
0.8154
0.8154
0.8154
0.8154
0.8154
0.8154
0.8154
0.8154
0.8153
0.8153
0.8153
0.8153
0.8152
0.8152
0.8152
0.8152
0.8150
0.8150
0.8149
0.8148
0.8147
0.8146
0.8146
0.8145
0.8145
0.8145
0.8145
0.8145
0.8145
0.8145
0.8143
0.8143
0.8142
0.8142
0.8142
0.8142
0.8141
0.8141
0.8140
0.8140
0.8140
0.8140
0.8140
0.8140
0.8140
0.8140
0.8137
0.8137
0.8136
0.8136
0.8134
0.8134
0.8127
0.8127
0.8126
0.8126
0.8124
0.8124
0.8123
0.8123
0.8122
0.8122
0.8122
0.8122
0.8121
0.8121
0.8121
0.8121
0.8120
0.8120
0.8119
0.8118
0.8116
0.8116
0.8115
0.8115
0.8114
0.8114
0.8109
0.8109
0.8108
0.8108
0.8105
0.8105
0.8102
0.8102
0.8102
0.8101
0.8099
0.8099
0.8098
0.8098
0.8097
0.8097
0.8096
0.8096
0.8096
0.8096
0.8095
0.8095
0.8093
0.8093
0.8092
0.8092
0.8091
0.8091
0.8091
0.8091
0.8091
0.8090
0.8089
0.8089
0.8089
0.8089
0.8083
0.8083
0.8082
0.8082
0.8082
0.8081
0.8080
0.8080
0.8080
0.8080
0.8079
0.8079
0.8078
0.8078
0.8077
0.8077
0.8075
0.8075
0.8075
0.8075
0.8070
0.8070
0.8070
0.8070
0.8069
0.8069
0.8069
0.8069
0.8068
0.8068
0.8068
0.8068
0.8068
0.8068
0.8066
0.8066
0.8065
0.8065
0.8065
0.8065
0.8065
0.8065
0.8062
0.8062
0.8062
0.8062
0.8062
0.8062
0.8062
0.8061
0.8061
0.8061
0.8061
0.8061
0.8060
0.8060
0.8057
0.8057
0.8056
0.8056
0.8054
0.8054
0.8051
0.8051
0.8049
0.8049
0.8048
0.8047
0.8044
0.8044
0.8044
0.8044
0.8042
0.8042
0.8038
0.8038
0.8038
0.8038
0.8038
0.8038
0.8038
0.8038
0.8037
0.8037
0.8037
0.8037
0.8036
0.8036
0.8032
0.8032
0.8032
0.8032
0.8031
0.8031
0.8030
0.8030
0.8030
0.8030
0.8030
0.8030
0.8030
0.8030
0.8029
0.8029
0.8028
0.8028
0.8026
0.8026
0.8026
0.8026
0.8022
0.8022
0.8022
0.8022
0.8021
0.8021
0.8020
0.8020
0.8020
0.8019
0.8019
0.8019
0.8015
0.8015
0.8014
0.8014
0.8014
0.8014
0.8013
0.8013
0.8013
0.8013
0.8010
0.8010
0.8008
0.8008
0.8008
0.8008
0.8007
0.8007
0.8007
0.8007
0.8006
0.8006
0.8005
0.8005
0.8004
0.8004
0.8004
0.8004
0.8001
0.8000
0.7998
0.7998
0.7998
0.7998
0.7998
0.7997
0.7997
0.7997
0.7996
0.7996
0.7994
0.7994
0.7993
0.7993
0.7993
0.7993
0.7992
0.7992
0.7992
0.7992
0.7991
0.7991
0.7991
0.7991
0.7990
0.7990
0.7989
0.7989
0.7989
0.7989
0.7988
0.7988
0.7988
0.7988
0.7988
0.7988
0.7988
0.7988
0.7986
0.7986
0.7985
0.7985
0.7985
0.7985
0.7984
0.7984
0.7984
0.7983
0.7982
0.7982
0.7979
0.7979
0.7978
0.7978
0.7975
0.7975
0.7974
0.7974
0.7974
0.7974
0.7974
0.7974
0.7974
0.7974
0.7973
0.7973
0.7972
0.7972
0.7972
0.7972
0.7972
0.7971
0.7970
0.7970
0.7968
0.7968
0.7968
0.7968
0.7968
0.7967
0.7967
0.7967
0.7967
0.7966
0.7964
0.7964
0.7964
0.7963
0.7963
0.7963
0.7963
0.7963
0.7961
0.7961
0.7960
0.7960
0.7958
0.7958
0.7958
0.7958
0.7957
0.7957
0.7954
0.7954
0.7952
0.7952
0.7952
0.7951
0.7951
0.7951
0.7950
0.7950
0.7950
0.7950
0.7950
0.7950
0.7948
0.7948
0.7947
0.7947
0.7945
0.7945
0.7944
0.7944
0.7943
0.7943
0.7942
0.7942
0.7941
0.7941
0.7940
0.7940
0.7940
0.7940
0.7940
0.7939
0.7939
0.7938
0.7937
0.7937
0.7937
0.7937
0.7935
0.7935
0.7934
0.7934
0.7932
0.7932
0.7931
0.7931
0.7930
0.7930
0.7930
0.7930
0.7928
0.7928
0.7927
0.7927
0.7926
0.7926
0.7926
0.7925
0.7925
0.7925
0.7921
0.7921
0.7918
0.7918
0.7917
0.7916
0.7915
0.7915
0.7913
0.7913
0.7913
0.7913
0.7912
0.7912
0.7912
0.7912
0.7908
0.7908
0.7908
0.7908
0.7907
0.7907
0.7906
0.7906
0.7905
0.7905
0.7905
0.7905
0.7903
0.7903
0.7901
0.7901
0.7899
0.7899
0.7899
0.7899
0.7892
0.7892
0.7891
0.7891
0.7891
0.7891
0.7891
0.7891
0.7890
0.7890
0.7890
0.7890
0.7889
0.7889
0.7889
0.7889
0.7888
0.7887
0.7887
0.7887
0.7886
0.7886
0.7885
0.7885
0.7881
0.7881
0.7881
0.7881
0.7880
0.7880
0.7877
0.7877
0.7872
0.7872
0.7869
0.7869
0.7864
0.7864
0.7863
0.7862
0.7862
0.7862
0.7861
0.7861
0.7856
0.7856
0.7855
0.7855
0.7854
0.7854
0.7852
0.7852
0.7852
0.7852
0.7852
0.7852
0.7851
0.7851
0.7851
0.7850
0.7850
0.7850
0.7848
0.7848
0.7844
0.7844
0.7841
0.7841
0.7840
0.7840
0.7840
0.7840
0.7838
0.7838
0.7836
0.7836
0.7834
0.7834
0.7834
0.7834
0.7834
0.7834
0.7833
0.7833
0.7830
0.7830
0.7829
0.7829
0.7829
0.7829
0.7827
0.7827
0.7826
0.7826
0.7823
0.7823
0.7823
0.7823
0.7822
0.7822
0.7821
0.7821
0.7819
0.7819
0.7818
0.7818
0.7818
0.7818
0.7817
0.7817
0.7817
0.7817
0.7817
0.7817
0.7813
0.7813
0.7812
0.7812
0.7808
0.7808
0.7808
0.7808
0.7808
0.7808
0.7808
0.7807
0.7807
0.7807
0.7807
0.7807
0.7806
0.7806
0.7806
0.7806
0.7805
0.7805
0.7805
0.7805
0.7805
0.7805
0.7804
0.7804
0.7803
0.7803
0.7803
0.7803
0.7802
0.7802
0.7801
0.7801
0.7798
0.7798
0.7797
0.7797
0.7796
0.7796
0.7795
0.7795
0.7793
0.7793
0.7793
0.7793
0.7792
0.7792
0.7790
0.7790
0.7790
0.7789
0.7789
0.7789
0.7789
0.7789
0.7785
0.7785
0.7784
0.7784
0.7783
0.7783
0.7783
0.7783
0.7783
0.7783
0.7779
0.7779
0.7779
0.7779
0.7778
0.7778
0.7777
0.7777
0.7776
0.7776
0.7774
0.7774
0.7774
0.7774
0.7774
0.7774
0.7773
0.7772
0.7772
0.7772
0.7772
0.7772
0.7771
0.7771
0.7771
0.7771
0.7764
0.7764
0.7763
0.7763
0.7761
0.7761
0.7758
0.7758
0.7755
0.7755
0.7755
0.7755
0.7753
0.7753
0.7752
0.7752
0.7750
0.7750
0.7749
0.7749
0.7749
0.7748
0.7748
0.7748
0.7747
0.7747
0.7743
0.7743
0.7741
0.7741
0.7741
0.7741
0.7740
0.7740
0.7739
0.7739
0.7736
0.7736
0.7736
0.7736
0.7734
0.7734
0.7734
0.7734
0.7730
0.7730
0.7726
0.7726
0.7726
0.7726
0.7725
0.7725
0.7720
0.7720
0.7719
0.7719
0.7719
0.7719
0.7716
0.7716
0.7716
0.7716
0.7715
0.7715
0.7714
0.7714
0.7714
0.7714
0.7711
0.7711
0.7710
0.7710
0.7710
0.7710
0.7709
0.7709
0.7709
0.7709
0.7709
0.7709
0.7709
0.7709
0.7708
0.7708
0.7707
0.7707
0.7707
0.7707
0.7706
0.7706
0.7705
0.7705
0.7704
0.7704
0.7700
0.7700
0.7700
0.7700
0.7699
0.7699
0.7697
0.7697
0.7697
0.7697
0.7697
0.7697
0.7696
0.7696
0.7695
0.7695
0.7691
0.7691
0.7691
0.7691
0.7691
0.7690
0.7676
0.7676
0.7676
0.7676
0.7669
0.7669
0.7669
0.7669
0.7665
0.7665
0.7664
0.7664
0.7662
0.7662
0.7660
0.7660
0.7660
0.7660
0.7657
0.7657
0.7654
0.7654
0.7653
0.7653
0.7652
0.7652
0.7652
0.7652
0.7651
0.7651
0.7650
0.7650
0.7647
0.7647
0.7645
0.7645
0.7643
0.7643
0.7641
0.7641
0.7638
0.7638
0.7638
0.7638
0.7633
0.7633
0.7633
0.7633
0.7631
0.7631
0.7630
0.7630
0.7629
0.7629
0.7627
0.7627
0.7625
0.7625
0.7624
0.7624
0.7622
0.7622
0.7620
0.7620
0.7619
0.7619
0.7617
0.7617
0.7615
0.7615
0.7614
0.7614
0.7614
0.7614
0.7614
0.7613
0.7608
0.7608
0.7608
0.7608
0.7605
0.7604
0.7604
0.7604
0.7600
0.7600
0.7600
0.7600
0.7600
0.7599
0.7599
0.7599
0.7599
0.7599
0.7596
0.7596
0.7595
0.7595
0.7594
0.7593
0.7591
0.7591
0.7586
0.7586
0.7580
0.7580
0.7579
0.7579
0.7578
0.7578
0.7578
0.7578
0.7578
0.7578
0.7576
0.7576
0.7576
0.7576
0.7574
0.7574
0.7573
0.7573
0.7572
0.7572
0.7571
0.7571
0.7570
0.7570
0.7569
0.7569
0.7568
0.7568
0.7568
0.7567
0.7567
0.7567
0.7566
0.7566
0.7566
0.7566
0.7566
0.7566
0.7563
0.7563
0.7562
0.7562
0.7558
0.7558
0.7553
0.7553
0.7552
0.7552
0.7551
0.7551
0.7550
0.7550
0.7549
0.7549
0.7547
0.7547
0.7546
0.7546
0.7544
0.7544
0.7539
0.7539
0.7538
0.7538
0.7536
0.7536
0.7536
0.7536
0.7534
0.7534
0.7530
0.7530
0.7528
0.7528
0.7528
0.7528
0.7526
0.7526
0.7523
0.7523
0.7519
0.7519
0.7518
0.7518
0.7512
0.7512
0.7512
0.7512
0.7510
0.7510
0.7507
0.7507
0.7506
0.7506
0.7506
0.7505
0.7505
0.7505
0.7504
0.7504
0.7504
0.7504
0.7503
0.7503
0.7503
0.7502
0.7501
0.7501
0.7500
0.7500
0.7498
0.7498
0.7494
0.7494
0.7489
0.7489
0.7487
0.7487
0.7486
0.7486
0.7483
0.7483
0.7481
0.7481
0.7479
0.7479
0.7479
0.7479
0.7478
0.7478
0.7476
0.7476
0.7473
0.7473
0.7473
0.7473
0.7472
0.7472
0.7469
0.7469
0.7466
0.7466
0.7464
0.7464
0.7461
0.7461
0.7460
0.7460
0.7458
0.7458
0.7458
0.7458
0.7456
0.7456
0.7455
0.7455
0.7451
0.7451
0.7447
0.7446
0.7446
0.7446
0.7444
0.7444
0.7443
0.7443
0.7442
0.7442
0.7438
0.7438
0.7438
0.7438
0.7437
0.7437
0.7436
0.7435
0.7435
0.7435
0.7433
0.7433
0.7431
0.7431
0.7431
0.7431
0.7429
0.7429
0.7428
0.7428
0.7427
0.7427
0.7427
0.7427
0.7426
0.7426
0.7426
0.7426
0.7425
0.7425
0.7424
0.7424
0.7423
0.7423
0.7422
0.7422
0.7422
0.7422
0.7418
0.7418
0.7415
0.7415
0.7410
0.7410
0.7406
0.7406
0.7395
0.7395
0.7394
0.7394
0.7391
0.7391
0.7390
0.7390
0.7388
0.7388
0.7386
0.7386
0.7385
0.7385
0.7380
0.7379
0.7378
0.7378
0.7374
0.7374
0.7372
0.7372
0.7372
0.7372
0.7368
0.7368
0.7367
0.7367
0.7366
0.7366
0.7366
0.7366
0.7360
0.7360
0.7359
0.7359
0.7356
0.7356
0.7343
0.7343
0.7342
0.7342
0.7342
0.7341
0.7338
0.7338
0.7338
0.7338
0.7333
0.7333
0.7329
0.7329
0.7329
0.7329
0.7328
0.7327
0.7323
0.7323
0.7322
0.7322
0.7320
0.7320
0.7315
0.7315
0.7314
0.7314
0.7314
0.7314
0.7312
0.7312
0.7310
0.7310
0.7308
0.7308
0.7305
0.7305
0.7304
0.7304
0.7303
0.7303
0.7302
0.7302
0.7300
0.7300
0.7299
0.7299
0.7298
0.7298
0.7297
0.7297
0.7296
0.7296
0.7293
0.7293
0.7289
0.7289
0.7289
0.7289
0.7287
0.7287
0.7279
0.7279
0.7279
0.7279
0.7278
0.7278
0.7278
0.7278
0.7275
0.7275
0.7275
0.7275
0.7275
0.7275
0.7273
0.7273
0.7273
0.7273
0.7273
0.7273
0.7262
0.7262
0.7261
0.7261
0.7259
0.7259
0.7258
0.7258
0.7257
0.7257
0.7256
0.7256
0.7256
0.7255
0.7255
0.7255
0.7255
0.7255
0.7252
0.7252
0.7251
0.7251
0.7250
0.7250
0.7246
0.7246
0.7245
0.7245
0.7245
0.7245
0.7243
0.7243
0.7243
0.7242
0.7241
0.7241
0.7236
0.7236
0.7233
0.7233
0.7232
0.7232
0.7228
0.7228
0.7226
0.7226
0.7224
0.7224
0.7222
0.7222
0.7219
0.7219
0.7218
0.7218
0.7215
0.7215
0.7214
0.7214
0.7211
0.7211
0.7211
0.7211
0.7207
0.7207
0.7204
0.7204
0.7201
0.7201
0.7182
0.7182
0.7179
0.7179
0.7176
0.7176
0.7176
0.7175
0.7172
0.7172
0.7171
0.7170
0.7169
0.7169
0.7168
0.7168
0.7167
0.7167
0.7167
0.7167
0.7165
0.7165
0.7164
0.7164
0.7154
0.7154
0.7150
0.7150
0.7148
0.7148
0.7143
0.7143
0.7136
0.7135
0.7135
0.7135
0.7134
0.7134
0.7131
0.7131
0.7131
0.7131
0.7129
0.7129
0.7127
0.7126
0.7116
0.7116
0.7114
0.7114
0.7114
0.7114
0.7112
0.7112
0.7106
0.7106
0.7101
0.7101
0.7099
0.7099
0.7093
0.7093
0.7087
0.7086
0.7085
0.7085
0.7085
0.7085
0.7080
0.7080
0.7080
0.7080
0.7075
0.7075
0.7071
0.7071
0.7062
0.7062
0.7060
0.7060
0.7054
0.7054
0.7052
0.7052
0.7044
0.7044
0.7043
0.7043
0.7037
0.7037
0.7026
0.7026
0.7026
0.7026
0.7011
0.7011
0.7008
0.7008
0.7007
0.7006
0.7001
0.7001
0.6993
0.6993
0.6983
0.6983
0.6976
0.6976
0.6970
0.6970
0.6967
0.6967
0.6965
0.6965
0.6960
0.6960
0.6955
0.6955
0.6955
0.6955
0.6947
0.6947
0.6939
0.6938
0.6933
0.6933
0.6925
0.6925
0.6922
0.6921
0.6907
0.6907
0.6904
0.6904
0.6903
0.6903
0.6903
0.6903
0.6900
0.6900
0.6900
0.6900
0.6882
0.6881
0.6867
0.6867
0.6867
0.6867
0.6855
0.6855
0.6854
0.6854
0.6843
0.6843
0.6843
0.6842
0.6840
0.6840
0.6831
0.6831
0.6827
0.6827
0.6817
0.6816
0.6812
0.6812
0.6811
0.6811
0.6785
0.6785
0.6781
0.6781
0.6769
0.6769
0.6756
0.6756
0.6756
0.6756
0.6751
0.6751
0.6746
0.6746
0.6736
0.6736
0.6709
0.6709
0.6683
0.6683
0.6666
0.6666
0.6640
0.6640
0.6620
0.6620
0.6603
0.6603
0.6582
0.6582
0.6581
0.6581
0.6580
0.6580
0.6573
0.6573
0.6555
0.6555
0.6553
0.6553
0.6553
0.6553
0.6548
0.6548
0.6523
0.6523
0.6496
0.6496
0.6493
0.6493
0.6472
0.6472
0.6431
0.6431
0.6430
0.6430
0.6421
0.6421
0.6394
0.6394
0.6368
0.6368
0.6347
0.6347
0.6341
0.6341
0.6327
0.6327
0.6298
0.6298
0.6297
0.6297
0.6201
0.6201
0.6191
0.6191
0.6171
0.6171
0.6156
0.6156
0.6093
0.6093
0.6032
0.6032
0.6012
0.6012
0.5983
0.5983
0.5982
0.5982
0.5942
0.5942
0.5936
0.5936
0.5894
0.5894
0.5382
0.5382
0.0000
0.0000
0.0000
