1.0000
1.0000
0.8259
0.8259
0.7764
0.7764
0.7520
0.7520
0.7414
0.7414
0.7224
0.7224
0.7014
0.7014
0.6881
0.6881
0.6838
0.6838
0.6798
0.6797
0.6779
0.6779
0.6761
0.6761
0.6726
0.6726
0.6600
0.6600
0.6545
0.6544
0.6501
0.6501
0.6377
0.6377
0.6273
0.6273
0.6238
0.6238
0.6215
0.6215
0.6168
0.6168
0.6130
0.6130
0.6087
0.6087
0.6061
0.6061
0.6004
0.6004
0.5997
0.5997
0.5913
0.5913
0.5828
0.5828
0.5822
0.5822
0.5821
0.5821
0.5786
0.5786
0.5774
0.5774
0.5774
0.5774
0.5730
0.5730
0.5694
0.5694
0.5673
0.5673
0.5650
0.5650
0.5568
0.5568
0.5529
0.5529
0.5455
0.5455
0.5448
0.5448
0.5441
0.5441
0.5397
0.5397
0.5382
0.5382
0.5374
0.5374
0.5368
0.5368
0.5361
0.5361
0.5361
0.5361
0.5354
0.5354
0.5317
0.5317
0.5289
0.5289
0.5276
0.5276
0.5270
0.5270
0.5269
0.5269
0.5248
0.5248
0.5240
0.5240
0.5228
0.5228
0.5227
0.5226
0.5208
0.5207
0.5203
0.5203
0.5123
0.5123
0.5113
0.5113
0.5112
0.5112
0.5108
0.5108
0.5099
0.5099
0.5068
0.5068
0.5068
0.5068
0.5064
0.5064
0.5057
0.5057
0.5056
0.5055
0.5034
0.5034
0.5024
0.5024
0.4991
0.4991
0.4975
0.4975
0.4951
0.4951
0.4939
0.4939
0.4918
0.4918
0.4915
0.4915
0.4899
0.4899
0.4876
0.4876
0.4861
0.4861
0.4855
0.4855
0.4838
0.4838
0.4833
0.4833
0.4816
0.4816
0.4794
0.4794
0.4793
0.4793
0.4778
0.4778
0.4724
0.4724
0.4679
0.4679
0.4673
0.4673
0.4668
0.4668
0.4652
0.4652
0.4649
0.4649
0.4643
0.4643
0.4629
0.4629
0.4627
0.4627
0.4620
0.4620
0.4616
0.4616
0.4603
0.4603
0.4599
0.4599
0.4598
0.4598
0.4597
0.4597
0.4556
0.4556
0.4550
0.4550
0.4543
0.4543
0.4542
0.4542
0.4536
0.4536
0.4519
0.4519
0.4506
0.4506
0.4493
0.4493
0.4484
0.4484
0.4483
0.4483
0.4472
0.4472
0.4458
0.4458
0.4446
0.4446
0.4434
0.4434
0.4431
0.4431
0.4392
0.4392
0.4388
0.4388
0.4381
0.4381
0.4377
0.4377
0.4374
0.4374
0.4363
0.4363
0.4357
0.4357
0.4348
0.4348
0.4339
0.4339
0.4326
0.4326
0.4306
0.4306
0.4303
0.4303
0.4299
0.4299
0.4298
0.4298
0.4290
0.4290
0.4290
0.4290
0.4286
0.4286
0.4283
0.4283
0.4274
0.4274
0.4258
0.4258
0.4248
0.4248
0.4245
0.4245
0.4241
0.4241
0.4223
0.4223
0.4221
0.4221
0.4221
0.4221
0.4219
0.4219
0.4192
0.4192
0.4185
0.4185
0.4179
0.4179
0.4179
0.4178
0.4175
0.4175
0.4169
0.4169
0.4164
0.4164
0.4158
0.4158
0.4155
0.4155
0.4148
0.4148
0.4141
0.4141
0.4137
0.4137
0.4133
0.4133
0.4132
0.4132
0.4130
0.4130
0.4120
0.4120
0.4110
0.4110
0.4102
0.4102
0.4100
0.4100
0.4099
0.4099
0.4095
0.4095
0.4089
0.4089
0.4088
0.4088
0.4082
0.4082
0.4081
0.4081
0.4073
0.4073
0.4073
0.4072
0.4067
0.4067
0.4059
0.4058
0.4050
0.4050
0.4049
0.4049
0.4044
0.4044
0.4017
0.4017
0.4014
0.4014
0.4012
0.4012
0.4005
0.4005
0.4002
0.4002
0.4002
0.4002
0.4001
0.4001
0.3985
0.3985
0.3984
0.3984
0.3982
0.3982
0.3980
0.3980
0.3978
0.3978
0.3976
0.3976
0.3971
0.3971
0.3964
0.3964
0.3961
0.3961
0.3948
0.3948
0.3948
0.3948
0.3944
0.3944
0.3940
0.3940
0.3940
0.3940
0.3938
0.3938
0.3933
0.3933
0.3931
0.3931
0.3923
0.3923
0.3923
0.3923
0.3921
0.3921
0.3905
0.3905
0.3905
0.3905
0.3898
0.3898
0.3890
0.3890
0.3889
0.3889
0.3876
0.3876
0.3874
0.3874
0.3872
0.3872
0.3868
0.3868
0.3865
0.3865
0.3863
0.3863
0.3858
0.3858
0.3855
0.3855
0.3854
0.3854
0.3851
0.3851
0.3844
0.3844
0.3839
0.3839
0.3823
0.3823
0.3821
0.3821
0.3817
0.3817
0.3814
0.3814
0.3808
0.3808
0.3804
0.3804
0.3803
0.3803
0.3801
0.3801
0.3798
0.3798
0.3794
0.3794
0.3781
0.3781
0.3779
0.3779
0.3761
0.3761
0.3759
0.3759
0.3754
0.3754
0.3748
0.3748
0.3747
0.3747
0.3747
0.3747
0.3745
0.3745
0.3743
0.3743
0.3741
0.3740
0.3737
0.3737
0.3736
0.3736
0.3733
0.3733
0.3733
0.3733
0.3732
0.3732
0.3732
0.3732
0.3724
0.3724
0.3723
0.3723
0.3719
0.3719
0.3717
0.3717
0.3714
0.3714
0.3708
0.3708
0.3707
0.3707
0.3707
0.3707
0.3707
0.3707
0.3701
0.3701
0.3700
0.3700
0.3699
0.3699
0.3698
0.3698
0.3695
0.3695
0.3691
0.3691
0.3689
0.3689
0.3685
0.3685
0.3684
0.3684
0.3680
0.3680
0.3679
0.3679
0.3671
0.3671
0.3667
0.3667
0.3665
0.3665
0.3659
0.3659
0.3657
0.3657
0.3655
0.3655
0.3648
0.3648
0.3645
0.3645
0.3642
0.3642
0.3637
0.3637
0.3629
0.3629
0.3627
0.3627
0.3626
0.3626
0.3618
0.3618
0.3615
0.3615
0.3613
0.3613
0.3611
0.3611
0.3603
0.3603
0.3602
0.3602
0.3602
0.3602
0.3594
0.3594
0.3593
0.3593
0.3593
0.3593
0.3589
0.3589
0.3589
0.3589
0.3587
0.3587
0.3587
0.3587
0.3585
0.3585
0.3580
0.3580
0.3577
0.3577
0.3576
0.3576
0.3575
0.3575
0.3568
0.3568
0.3563
0.3563
0.3563
0.3563
0.3557
0.3557
0.3556
0.3556
0.3556
0.3556
0.3554
0.3554
0.3554
0.3554
0.3553
0.3553
0.3552
0.3551
0.3545
0.3545
0.3544
0.3544
0.3544
0.3544
0.3539
0.3538
0.3538
0.3538
0.3537
0.3537
0.3537
0.3536
0.3535
0.3535
0.3530
0.3530
0.3530
0.3530
0.3530
0.3529
0.3528
0.3528
0.3528
0.3528
0.3522
0.3522
0.3519
0.3519
0.3518
0.3518
0.3517
0.3517
0.3515
0.3515
0.3509
0.3509
0.3503
0.3503
0.3500
0.3500
0.3486
0.3486
0.3476
0.3476
0.3474
0.3474
0.3472
0.3472
0.3468
0.3468
0.3467
0.3467
0.3466
0.3465
0.3465
0.3465
0.3462
0.3462
0.3458
0.3458
0.3456
0.3456
0.3450
0.3450
0.3449
0.3449
0.3447
0.3447
0.3444
0.3443
0.3432
0.3432
0.3415
0.3415
0.3414
0.3414
0.3411
0.3411
0.3409
0.3409
0.3403
0.3403
0.3401
0.3401
0.3397
0.3397
0.3391
0.3391
0.3384
0.3384
0.3383
0.3383
0.3381
0.3381
0.3376
0.3376
0.3372
0.3372
0.3371
0.3371
0.3370
0.3370
0.3369
0.3369
0.3369
0.3369
0.3368
0.3368
0.3368
0.3368
0.3367
0.3367
0.3360
0.3360
0.3356
0.3356
0.3356
0.3356
0.3354
0.3354
0.3352
0.3352
0.3346
0.3346
0.3342
0.3342
0.3339
0.3339
0.3337
0.3337
0.3332
0.3332
0.3331
0.3331
0.3328
0.3328
0.3319
0.3319
0.3315
0.3315
0.3313
0.3313
0.3308
0.3308
0.3307
0.3307
0.3306
0.3306
0.3306
0.3306
0.3304
0.3304
0.3299
0.3299
0.3297
0.3297
0.3297
0.3296
0.3295
0.3295
0.3292
0.3292
0.3291
0.3291
0.3281
0.3281
0.3280
0.3280
0.3277
0.3277
0.3276
0.3276
0.3274
0.3274
0.3272
0.3272
0.3270
0.3270
0.3267
0.3267
0.3267
0.3267
0.3258
0.3258
0.3255
0.3255
0.3254
0.3254
0.3245
0.3245
0.3241
0.3241
0.3238
0.3238
0.3233
0.3233
0.3225
0.3225
0.3225
0.3225
0.3223
0.3223
0.3218
0.3218
0.3216
0.3216
0.3216
0.3216
0.3216
0.3216
0.3215
0.3215
0.3210
0.3210
0.3209
0.3209
0.3205
0.3205
0.3204
0.3204
0.3189
0.3189
0.3188
0.3188
0.3187
0.3187
0.3185
0.3185
0.3183
0.3183
0.3180
0.3180
0.3180
0.3180
0.3176
0.3176
0.3176
0.3176
0.3176
0.3176
0.3165
0.3165
0.3164
0.3164
0.3164
0.3164
0.3163
0.3163
0.3162
0.3162
0.3155
0.3155
0.3155
0.3155
0.3154
0.3154
0.3148
0.3148
0.3148
0.3148
0.3147
0.3146
0.3146
0.3146
0.3146
0.3146
0.3145
0.3145
0.3144
0.3144
0.3143
0.3143
0.3140
0.3140
0.3140
0.3140
0.3134
0.3134
0.3134
0.3134
0.3132
0.3132
0.3128
0.3128
0.3128
0.3128
0.3125
0.3125
0.3117
0.3117
0.3114
0.3114
0.3112
0.3112
0.3111
0.3111
0.3105
0.3105
0.3104
0.3104
0.3104
0.3104
0.3100
0.3100
0.3097
0.3097
0.3097
0.3097
0.3095
0.3095
0.3087
0.3087
0.3085
0.3085
0.3072
0.3072
0.3071
0.3071
0.3070
0.3070
0.3067
0.3067
0.3065
0.3065
0.3065
0.3065
0.3063
0.3063
0.3056
0.3056
0.3052
0.3052
0.3051
0.3051
0.3049
0.3049
0.3047
0.3047
0.3047
0.3047
0.3045
0.3045
0.3044
0.3044
0.3044
0.3044
0.3034
0.3034
0.3032
0.3032
0.3026
0.3026
0.3023
0.3023
0.3019
0.3019
0.3019
0.3019
0.3013
0.3013
0.3011
0.3011
0.3004
0.3004
0.3002
0.3002
0.3000
0.3000
0.2998
0.2998
0.2998
0.2998
0.2993
0.2993
0.2992
0.2992
0.2988
0.2988
0.2987
0.2987
0.2986
0.2986
0.2985
0.2985
0.2985
0.2985
0.2984
0.2984
0.2977
0.2977
0.2976
0.2976
0.2973
0.2973
0.2973
0.2973
0.2973
0.2973
0.2973
0.2973
0.2973
0.2973
0.2971
0.2971
0.2968
0.2968
0.2967
0.2967
0.2966
0.2966
0.2963
0.2963
0.2961
0.2961
0.2959
0.2959
0.2959
0.2959
0.2945
0.2945
0.2941
0.2941
0.2940
0.2940
0.2939
0.2939
0.2938
0.2938
0.2936
0.2936
0.2933
0.2933
0.2931
0.2931
0.2928
0.2928
0.2919
0.2919
0.2919
0.2919
0.2919
0.2919
0.2917
0.2917
0.2915
0.2915
0.2914
0.2914
0.2914
0.2914
0.2909
0.2909
0.2909
0.2909
0.2905
0.2905
0.2904
0.2904
0.2902
0.2902
0.2901
0.2901
0.2900
0.2900
0.2899
0.2899
0.2893
0.2893
0.2891
0.2891
0.2888
0.2888
0.2876
0.2876
0.2875
0.2875
0.2871
0.2871
0.2867
0.2867
0.2864
0.2864
0.2863
0.2863
0.2857
0.2857
0.2857
0.2857
0.2856
0.2856
0.2854
0.2854
0.2852
0.2852
0.2846
0.2846
0.2845
0.2845
0.2844
0.2844
0.2839
0.2839
0.2838
0.2838
0.2838
0.2838
0.2832
0.2832
0.2829
0.2828
0.2828
0.2828
0.2826
0.2826
0.2825
0.2825
0.2824
0.2824
0.2818
0.2818
0.2816
0.2816
0.2816
0.2816
0.2813
0.2813
0.2812
0.2812
0.2809
0.2809
0.2808
0.2808
0.2806
0.2806
0.2804
0.2804
0.2804
0.2804
0.2804
0.2804
0.2803
0.2803
0.2800
0.2800
0.2800
0.2800
0.2799
0.2799
0.2795
0.2795
0.2795
0.2795
0.2795
0.2795
0.2793
0.2793
0.2793
0.2793
0.2791
0.2791
0.2784
0.2784
0.2782
0.2782
0.2781
0.2781
0.2781
0.2781
0.2778
0.2778
0.2777
0.2777
0.2770
0.2770
0.2769
0.2769
0.2768
0.2768
0.2768
0.2768
0.2762
0.2762
0.2760
0.2760
0.2756
0.2756
0.2755
0.2755
0.2755
0.2755
0.2755
0.2755
0.2753
0.2753
0.2752
0.2752
0.2751
0.2751
0.2750
0.2750
0.2750
0.2750
0.2749
0.2749
0.2738
0.2738
0.2735
0.2735
0.2733
0.2733
0.2731
0.2731
0.2731
0.2731
0.2729
0.2729
0.2729
0.2729
0.2728
0.2728
0.2727
0.2727
0.2726
0.2726
0.2726
0.2726
0.2723
0.2723
0.2722
0.2722
0.2720
0.2720
0.2720
0.2720
0.2717
0.2717
0.2716
0.2716
0.2716
0.2716
0.2716
0.2716
0.2715
0.2715
0.2715
0.2715
0.2713
0.2713
0.2713
0.2713
0.2713
0.2713
0.2706
0.2706
0.2702
0.2702
0.2702
0.2702
0.2701
0.2701
0.2698
0.2698
0.2695
0.2695
0.2694
0.2694
0.2693
0.2693
0.2692
0.2692
0.2688
0.2688
0.2687
0.2687
0.2685
0.2685
0.2685
0.2685
0.2684
0.2684
0.2682
0.2682
0.2680
0.2680
0.2674
0.2674
0.2672
0.2672
0.2672
0.2672
0.2669
0.2669
0.2665
0.2665
0.2656
0.2656
0.2654
0.2654
0.2650
0.2650
0.2650
0.2650
0.2650
0.2650
0.2647
0.2647
0.2647
0.2647
0.2646
0.2646
0.2646
0.2646
0.2645
0.2645
0.2641
0.2641
0.2641
0.2641
0.2641
0.2641
0.2639
0.2639
0.2638
0.2638
0.2636
0.2636
0.2634
0.2634
0.2625
0.2625
0.2623
0.2623
0.2623
0.2623
0.2621
0.2621
0.2613
0.2613
0.2610
0.2610
0.2610
0.2610
0.2610
0.2610
0.2610
0.2610
0.2603
0.2603
0.2601
0.2601
0.2600
0.2600
0.2595
0.2595
0.2589
0.2589
0.2586
0.2586
0.2585
0.2585
0.2583
0.2583
0.2583
0.2583
0.2583
0.2583
0.2582
0.2582
0.2579
0.2579
0.2578
0.2578
0.2577
0.2577
0.2577
0.2577
0.2574
0.2574
0.2574
0.2574
0.2568
0.2568
0.2567
0.2567
0.2566
0.2566
0.2565
0.2565
0.2564
0.2564
0.2561
0.2561
0.2556
0.2556
0.2555
0.2555
0.2544
0.2544
0.2544
0.2544
0.2542
0.2542
0.2540
0.2540
0.2540
0.2540
0.2540
0.2540
0.2538
0.2538
0.2535
0.2535
0.2533
0.2533
0.2532
0.2532
0.2530
0.2530
0.2527
0.2527
0.2524
0.2524
0.2523
0.2523
0.2523
0.2523
0.2522
0.2522
0.2519
0.2519
0.2518
0.2518
0.2518
0.2518
0.2517
0.2517
0.2514
0.2514
0.2510
0.2510
0.2509
0.2509
0.2508
0.2508
0.2507
0.2507
0.2504
0.2504
0.2504
0.2504
0.2501
0.2501
0.2501
0.2501
0.2495
0.2495
0.2494
0.2494
0.2492
0.2492
0.2491
0.2491
0.2484
0.2484
0.2482
0.2482
0.2482
0.2481
0.2481
0.2481
0.2480
0.2480
0.2478
0.2478
0.2475
0.2475
0.2472
0.2472
0.2472
0.2472
0.2469
0.2469
0.2468
0.2468
0.2460
0.2460
0.2458
0.2458
0.2458
0.2458
0.2451
0.2451
0.2450
0.2450
0.2449
0.2449
0.2446
0.2446
0.2439
0.2439
0.2438
0.2438
0.2438
0.2438
0.2437
0.2437
0.2436
0.2436
0.2435
0.2435
0.2432
0.2432
0.2429
0.2429
0.2428
0.2426
0.2426
0.2426
0.2426
0.2426
0.2424
0.2424
0.2424
0.2424
0.2420
0.2420
0.2418
0.2418
0.2415
0.2415
0.2414
0.2414
0.2414
0.2414
0.2412
0.2412
0.2410
0.2410
0.2410
0.2410
0.2409
0.2409
0.2407
0.2407
0.2402
0.2402
0.2402
0.2402
0.2401
0.2401
0.2401
0.2401
0.2395
0.2395
0.2394
0.2394
0.2393
0.2393
0.2391
0.2391
0.2390
0.2390
0.2390
0.2390
0.2389
0.2389
0.2389
0.2389
0.2386
0.2386
0.2385
0.2385
0.2385
0.2385
0.2385
0.2385
0.2381
0.2381
0.2381
0.2381
0.2380
0.2380
0.2380
0.2380
0.2378
0.2378
0.2378
0.2378
0.2376
0.2376
0.2376
0.2376
0.2372
0.2372
0.2371
0.2371
0.2371
0.2371
0.2371
0.2371
0.2371
0.2371
0.2368
0.2368
0.2368
0.2368
0.2366
0.2366
0.2364
0.2364
0.2363
0.2363
0.2362
0.2362
0.2358
0.2358
0.2357
0.2357
0.2356
0.2356
0.2355
0.2355
0.2355
0.2355
0.2351
0.2351
0.2350
0.2350
0.2345
0.2345
0.2345
0.2344
0.2341
0.2341
0.2340
0.2340
0.2335
0.2335
0.2323
0.2323
0.2316
0.2316
0.2316
0.2316
0.2300
0.2300
0.2299
0.2299
0.2298
0.2298
0.2297
0.2297
0.2294
0.2294
0.2292
0.2292
0.2292
0.2292
0.2292
0.2292
0.2290
0.2290
0.2289
0.2289
0.2289
0.2289
0.2288
0.2288
0.2286
0.2286
0.2284
0.2284
0.2284
0.2284
0.2283
0.2283
0.2280
0.2280
0.2275
0.2275
0.2273
0.2273
0.2272
0.2272
0.2265
0.2265
0.2265
0.2265
0.2263
0.2263
0.2262
0.2262
0.2261
0.2261
0.2260
0.2260
0.2259
0.2259
0.2257
0.2257
0.2257
0.2257
0.2254
0.2254
0.2253
0.2253
0.2252
0.2252
0.2251
0.2251
0.2246
0.2246
0.2245
0.2245
0.2244
0.2244
0.2242
0.2242
0.2240
0.2240
0.2239
0.2239
0.2239
0.2239
0.2237
0.2237
0.2235
0.2235
0.2230
0.2230
0.2229
0.2229
0.2228
0.2228
0.2228
0.2228
0.2227
0.2227
0.2224
0.2224
0.2223
0.2223
0.2220
0.2220
0.2219
0.2219
0.2216
0.2216
0.2216
0.2216
0.2211
0.2211
0.2209
0.2209
0.2208
0.2208
0.2204
0.2204
0.2204
0.2204
0.2203
0.2203
0.2201
0.2201
0.2200
0.2200
0.2198
0.2198
0.2197
0.2196
0.2195
0.2195
0.2189
0.2189
0.2187
0.2187
0.2187
0.2187
0.2186
0.2186
0.2177
0.2177
0.2176
0.2176
0.2173
0.2173
0.2169
0.2169
0.2164
0.2164
0.2162
0.2162
0.2161
0.2161
0.2161
0.2161
0.2160
0.2160
0.2157
0.2157
0.2150
0.2150
0.2150
0.2150
0.2144
0.2144
0.2137
0.2137
0.2134
0.2134
0.2133
0.2133
0.2132
0.2132
0.2132
0.2132
0.2131
0.2131
0.2131
0.2131
0.2130
0.2130
0.2128
0.2128
0.2126
0.2126
0.2122
0.2122
0.2122
0.2122
0.2116
0.2116
0.2116
0.2116
0.2114
0.2114
0.2111
0.2111
0.2105
0.2105
0.2105
0.2105
0.2103
0.2102
0.2102
0.2102
0.2100
0.2100
0.2100
0.2100
0.2100
0.2100
0.2096
0.2096
0.2092
0.2092
0.2092
0.2092
0.2089
0.2089
0.2081
0.2081
0.2080
0.2080
0.2077
0.2077
0.2077
0.2077
0.2074
0.2074
0.2070
0.2070
0.2066
0.2066
0.2065
0.2065
0.2056
0.2056
0.2055
0.2055
0.2053
0.2053
0.2052
0.2052
0.2047
0.2047
0.2045
0.2045
0.2035
0.2035
0.2035
0.2035
0.2033
0.2033
0.2033
0.2033
0.2032
0.2032
0.2029
0.2029
0.2024
0.2024
0.2019
0.2019
0.2018
0.2018
0.2017
0.2017
0.2016
0.2016
0.2015
0.2015
0.2014
0.2014
0.2010
0.2010
0.2010
0.2010
0.2010
0.2009
0.2009
0.2009
0.2007
0.2007
0.2006
0.2006
0.2004
0.2004
0.1997
0.1997
0.1997
0.1997
0.1989
0.1989
0.1985
0.1985
0.1982
0.1982
0.1979
0.1979
0.1976
0.1976
0.1973
0.1973
0.1968
0.1968
0.1968
0.1968
0.1968
0.1968
0.1964
0.1964
0.1963
0.1963
0.1958
0.1957
0.1952
0.1952
0.1946
0.1946
0.1945
0.1945
0.1944
0.1944
0.1941
0.1941
0.1938
0.1938
0.1932
0.1932
0.1932
0.1932
0.1932
0.1932
0.1931
0.1931
0.1925
0.1925
0.1924
0.1924
0.1924
0.1924
0.1923
0.1923
0.1922
0.1922
0.1919
0.1919
0.1916
0.1916
0.1914
0.1914
0.1913
0.1913
0.1911
0.1911
0.1907
0.1907
0.1904
0.1904
0.1902
0.1902
0.1901
0.1901
0.1898
0.1898
0.1896
0.1896
0.1895
0.1895
0.1893
0.1893
0.1891
0.1891
0.1890
0.1890
0.1887
0.1887
0.1884
0.1884
0.1883
0.1883
0.1880
0.1880
0.1878
0.1878
0.1875
0.1875
0.1869
0.1869
0.1867
0.1867
0.1865
0.1865
0.1863
0.1863
0.1861
0.1861
0.1861
0.1861
0.1860
0.1860
0.1859
0.1859
0.1852
0.1852
0.1847
0.1847
0.1846
0.1846
0.1843
0.1843
0.1842
0.1842
0.1842
0.1842
0.1841
0.1841
0.1836
0.1836
0.1833
0.1833
0.1832
0.1832
0.1829
0.1829
0.1828
0.1828
0.1826
0.1826
0.1822
0.1822
0.1821
0.1821
0.1819
0.1819
0.1819
0.1819
0.1812
0.1812
0.1809
0.1809
0.1808
0.1808
0.1808
0.1808
0.1805
0.1804
0.1803
0.1803
0.1802
0.1802
0.1798
0.1798
0.1796
0.1796
0.1795
0.1795
0.1794
0.1794
0.1793
0.1793
0.1791
0.1791
0.1791
0.1791
0.1789
0.1789
0.1788
0.1788
0.1787
0.1787
0.1787
0.1787
0.1784
0.1784
0.1783
0.1783
0.1782
0.1782
0.1780
0.1780
0.1779
0.1779
0.1779
0.1779
0.1778
0.1778
0.1777
0.1777
0.1776
0.1776
0.1767
0.1767
0.1757
0.1757
0.1756
0.1756
0.1755
0.1755
0.1752
0.1752
0.1752
0.1752
0.1752
0.1751
0.1749
0.1749
0.1747
0.1747
0.1744
0.1744
0.1743
0.1743
0.1735
0.1735
0.1732
0.1732
0.1732
0.1732
0.1731
0.1731
0.1728
0.1728
0.1724
0.1724
0.1721
0.1721
0.1720
0.1720
0.1720
0.1720
0.1718
0.1718
0.1717
0.1717
0.1715
0.1715
0.1711
0.1711
0.1707
0.1707
0.1706
0.1706
0.1702
0.1702
0.1702
0.1702
0.1701
0.1701
0.1692
0.1691
0.1688
0.1688
0.1687
0.1687
0.1686
0.1686
0.1685
0.1685
0.1684
0.1684
0.1682
0.1682
0.1680
0.1680
0.1679
0.1679
0.1679
0.1679
0.1679
0.1679
0.1677
0.1677
0.1677
0.1677
0.1676
0.1676
0.1673
0.1673
0.1670
0.1670
0.1667
0.1667
0.1663
0.1663
0.1659
0.1659
0.1658
0.1658
0.1649
0.1649
0.1640
0.1640
0.1629
0.1629
0.1625
0.1625
0.1621
0.1621
0.1617
0.1617
0.1615
0.1615
0.1611
0.1611
0.1607
0.1607
0.1607
0.1607
0.1604
0.1604
0.1604
0.1604
0.1603
0.1603
0.1602
0.1602
0.1599
0.1599
0.1597
0.1597
0.1597
0.1597
0.1596
0.1596
0.1595
0.1595
0.1592
0.1591
0.1590
0.1590
0.1589
0.1589
0.1585
0.1585
0.1584
0.1584
0.1582
0.1582
0.1580
0.1580
0.1580
0.1580
0.1576
0.1576
0.1576
0.1576
0.1576
0.1576
0.1571
0.1571
0.1568
0.1568
0.1561
0.1561
0.1559
0.1559
0.1554
0.1554
0.1553
0.1553
0.1553
0.1552
0.1549
0.1549
0.1548
0.1548
0.1546
0.1546
0.1543
0.1543
0.1535
0.1535
0.1534
0.1534
0.1531
0.1531
0.1518
0.1518
0.1518
0.1518
0.1517
0.1517
0.1513
0.1513
0.1513
0.1513
0.1509
0.1509
0.1508
0.1508
0.1505
0.1505
0.1497
0.1497
0.1491
0.1491
0.1480
0.1480
0.1477
0.1477
0.1476
0.1476
0.1476
0.1476
0.1474
0.1474
0.1467
0.1467
0.1466
0.1466
0.1460
0.1460
0.1456
0.1456
0.1449
0.1449
0.1447
0.1447
0.1447
0.1447
0.1445
0.1445
0.1437
0.1437
0.1435
0.1435
0.1432
0.1432
0.1420
0.1420
0.1418
0.1418
0.1411
0.1411
0.1404
0.1404
0.1396
0.1396
0.1394
0.1394
0.1391
0.1390
0.1387
0.1387
0.1387
0.1387
0.1386
0.1386
0.1368
0.1368
0.1366
0.1366
0.1364
0.1364
0.1358
0.1358
0.1353
0.1353
0.1353
0.1353
0.1345
0.1345
0.1331
0.1331
0.1329
0.1329
0.1322
0.1322
0.1321
0.1321
0.1317
0.1317
0.1317
0.1317
0.1315
0.1315
0.1311
0.1311
0.1308
0.1308
0.1307
0.1307
0.1304
0.1304
0.1303
0.1303
0.1301
0.1301
0.1294
0.1294
0.1290
0.1290
0.1267
0.1267
0.1261
0.1261
0.1254
0.1254
0.1238
0.1238
0.1235
0.1235
0.1233
0.1233
0.1225
0.1225
0.1215
0.1215
0.1213
0.1213
0.1203
0.1203
0.1190
0.1190
0.1189
0.1189
0.1181
0.1181
0.1167
0.1167
0.1150
0.1150
0.1147
0.1147
0.1146
0.1146
0.1144
0.1144
0.1130
0.1130
0.1121
0.1121
0.1113
0.1113
0.1113
0.1113
0.1103
0.1103
0.1081
0.1081
0.1077
0.1077
0.1070
0.1070
0.1065
0.1065
0.1053
0.1053
0.1046
0.1046
0.1043
0.1043
0.1033
0.1033
0.1029
0.1029
0.1028
0.1028
0.1023
0.1023
0.1019
0.1019
0.1001
0.1001
0.0998
0.0998
0.0956
0.0956
0.0945
0.0945
0.0846
0.0846
0.0844
0.0844
0.0831
0.0831
0.0822
0.0822
0.0818
0.0818
0.0768
0.0768
0.0756
0.0755
0.0693
0.0693
0.0577
0.0577
0.0528
0.0528
0.0000
0.0000
0.0000
