1.0000
1.0000
0.9875
0.9875
0.9729
0.9729
0.9684
0.9683
0.9680
0.9680
0.9548
0.9548
0.9540
0.9540
0.9525
0.9525
0.9499
0.9499
0.9480
0.9480
0.9472
0.9471
0.9433
0.9433
0.9398
0.9398
0.9377
0.9377
0.9363
0.9363
0.9350
0.9350
0.9273
0.9273
0.9270
0.9270
0.9268
0.9268
0.9263
0.9263
0.9253
0.9253
0.9250
0.9250
0.9243
0.9243
0.9233
0.9233
0.9229
0.9229
0.9212
0.9212
0.9202
0.9202
0.9186
0.9186
0.9186
0.9186
0.9181
0.9181
0.9167
0.9167
0.9163
0.9163
0.9159
0.9159
0.9157
0.9157
0.9147
0.9147
0.9128
0.9128
0.9116
0.9116
0.9101
0.9101
0.9101
0.9101
0.9094
0.9094
0.9081
0.9081
0.9071
0.9071
0.9067
0.9067
0.9066
0.9066
0.9050
0.9050
0.9050
0.9050
0.9038
0.9038
0.9036
0.9036
0.9027
0.9027
0.9026
0.9026
0.9022
0.9022
0.9017
0.9017
0.9013
0.9013
0.8974
0.8973
0.8971
0.8971
0.8966
0.8966
0.8965
0.8965
0.8959
0.8959
0.8953
0.8953
0.8949
0.8949
0.8946
0.8946
0.8934
0.8934
0.8929
0.8929
0.8929
0.8929
0.8925
0.8925
0.8924
0.8924
0.8910
0.8909
0.8903
0.8903
0.8896
0.8896
0.8891
0.8891
0.8891
0.8891
0.8883
0.8883
0.8882
0.8882
0.8879
0.8879
0.8877
0.8877
0.8876
0.8875
0.8875
0.8875
0.8874
0.8874
0.8873
0.8873
0.8865
0.8865
0.8861
0.8860
0.8860
0.8860
0.8855
0.8855
0.8847
0.8847
0.8845
0.8845
0.8841
0.8841
0.8831
0.8831
0.8824
0.8824
0.8818
0.8818
0.8818
0.8817
0.8809
0.8809
0.8809
0.8809
0.8808
0.8808
0.8801
0.8801
0.8801
0.8801
0.8801
0.8801
0.8797
0.8797
0.8791
0.8791
0.8787
0.8787
0.8783
0.8783
0.8782
0.8782
0.8782
0.8782
0.8778
0.8777
0.8769
0.8769
0.8768
0.8768
0.8768
0.8768
0.8766
0.8766
0.8765
0.8765
0.8765
0.8765
0.8765
0.8765
0.8765
0.8765
0.8757
0.8757
0.8754
0.8754
0.8747
0.8747
0.8745
0.8744
0.8741
0.8741
0.8738
0.8738
0.8738
0.8738
0.8734
0.8734
0.8734
0.8734
0.8733
0.8733
0.8732
0.8732
0.8729
0.8728
0.8724
0.8724
0.8724
0.8724
0.8722
0.8722
0.8722
0.8722
0.8722
0.8722
0.8720
0.8720
0.8720
0.8719
0.8717
0.8717
0.8714
0.8713
0.8712
0.8712
0.8704
0.8704
0.8700
0.8700
0.8695
0.8695
0.8695
0.8695
0.8693
0.8693
0.8692
0.8692
0.8691
0.8691
0.8690
0.8690
0.8685
0.8685
0.8682
0.8682
0.8681
0.8681
0.8678
0.8678
0.8677
0.8677
0.8674
0.8674
0.8672
0.8672
0.8671
0.8671
0.8670
0.8670
0.8669
0.8669
0.8669
0.8669
0.8668
0.8668
0.8666
0.8666
0.8661
0.8661
0.8660
0.8659
0.8659
0.8659
0.8658
0.8658
0.8656
0.8656
0.8652
0.8652
0.8647
0.8647
0.8642
0.8642
0.8640
0.8639
0.8639
0.8639
0.8638
0.8638
0.8637
0.8637
0.8636
0.8635
0.8635
0.8635
0.8635
0.8635
0.8629
0.8629
0.8622
0.8622
0.8620
0.8620
0.8618
0.8618
0.8616
0.8616
0.8615
0.8615
0.8614
0.8614
0.8611
0.8611
0.8610
0.8610
0.8607
0.8607
0.8607
0.8607
0.8606
0.8606
0.8604
0.8604
0.8603
0.8603
0.8603
0.8602
0.8601
0.8601
0.8601
0.8601
0.8597
0.8597
0.8594
0.8593
0.8592
0.8592
0.8591
0.8591
0.8590
0.8590
0.8590
0.8590
0.8590
0.8590
0.8588
0.8588
0.8588
0.8588
0.8581
0.8581
0.8580
0.8580
0.8579
0.8579
0.8577
0.8577
0.8576
0.8576
0.8576
0.8576
0.8576
0.8576
0.8575
0.8575
0.8572
0.8572
0.8571
0.8571
0.8569
0.8569
0.8566
0.8566
0.8565
0.8565
0.8565
0.8565
0.8561
0.8561
0.8556
0.8556
0.8554
0.8554
0.8548
0.8548
0.8548
0.8547
0.8546
0.8546
0.8546
0.8546
0.8545
0.8545
0.8543
0.8543
0.8542
0.8542
0.8540
0.8540
0.8537
0.8537
0.8535
0.8535
0.8534
0.8534
0.8534
0.8534
0.8531
0.8531
0.8530
0.8530
0.8525
0.8525
0.8524
0.8524
0.8523
0.8523
0.8520
0.8519
0.8518
0.8518
0.8510
0.8510
0.8510
0.8510
0.8505
0.8504
0.8504
0.8503
0.8501
0.8501
0.8501
0.8501
0.8501
0.8501
0.8499
0.8499
0.8499
0.8499
0.8498
0.8498
0.8497
0.8497
0.8495
0.8495
0.8494
0.8494
0.8491
0.8491
0.8491
0.8491
0.8489
0.8489
0.8485
0.8485
0.8484
0.8484
0.8480
0.8479
0.8477
0.8477
0.8477
0.8477
0.8473
0.8472
0.8470
0.8470
0.8466
0.8466
0.8466
0.8466
0.8463
0.8463
0.8462
0.8462
0.8460
0.8460
0.8459
0.8459
0.8459
0.8459
0.8455
0.8455
0.8453
0.8453
0.8451
0.8451
0.8450
0.8450
0.8448
0.8448
0.8444
0.8444
0.8443
0.8443
0.8442
0.8442
0.8439
0.8439
0.8439
0.8439
0.8438
0.8438
0.8438
0.8438
0.8438
0.8438
0.8437
0.8437
0.8433
0.8433
0.8433
0.8432
0.8428
0.8428
0.8427
0.8427
0.8426
0.8426
0.8426
0.8426
0.8423
0.8423
0.8423
0.8423
0.8423
0.8423
0.8422
0.8422
0.8422
0.8422
0.8421
0.8421
0.8421
0.8421
0.8421
0.8421
0.8419
0.8419
0.8417
0.8417
0.8417
0.8417
0.8417
0.8417
0.8416
0.8416
0.8416
0.8416
0.8414
0.8414
0.8412
0.8412
0.8409
0.8409
0.8408
0.8408
0.8407
0.8407
0.8406
0.8406
0.8406
0.8406
0.8405
0.8405
0.8405
0.8405
0.8405
0.8405
0.8404
0.8404
0.8404
0.8404
0.8398
0.8398
0.8398
0.8398
0.8398
0.8398
0.8397
0.8397
0.8396
0.8395
0.8395
0.8395
0.8394
0.8394
0.8394
0.8394
0.8394
0.8394
0.8391
0.8391
0.8390
0.8390
0.8390
0.8390
0.8388
0.8388
0.8387
0.8387
0.8386
0.8385
0.8382
0.8382
0.8382
0.8381
0.8377
0.8377
0.8376
0.8376
0.8374
0.8374
0.8374
0.8374
0.8373
0.8373
0.8371
0.8371
0.8370
0.8370
0.8368
0.8368
0.8367
0.8366
0.8365
0.8365
0.8363
0.8363
0.8361
0.8361
0.8361
0.8361
0.8360
0.8360
0.8360
0.8359
0.8357
0.8357
0.8357
0.8357
0.8355
0.8355
0.8354
0.8354
0.8354
0.8353
0.8351
0.8351
0.8347
0.8347
0.8347
0.8347
0.8347
0.8347
0.8346
0.8346
0.8345
0.8345
0.8345
0.8345
0.8341
0.8341
0.8341
0.8341
0.8340
0.8340
0.8338
0.8338
0.8334
0.8334
0.8334
0.8333
0.8332
0.8332
0.8331
0.8331
0.8325
0.8325
0.8322
0.8322
0.8322
0.8322
0.8321
0.8321
0.8320
0.8320
0.8316
0.8316
0.8315
0.8315
0.8311
0.8311
0.8308
0.8308
0.8305
0.8305
0.8304
0.8304
0.8304
0.8304
0.8302
0.8302
0.8301
0.8301
0.8301
0.8301
0.8298
0.8298
0.8296
0.8296
0.8295
0.8295
0.8295
0.8295
0.8294
0.8294
0.8293
0.8293
0.8293
0.8293
0.8293
0.8292
0.8291
0.8291
0.8291
0.8291
0.8288
0.8288
0.8285
0.8285
0.8284
0.8284
0.8282
0.8282
0.8281
0.8281
0.8279
0.8279
0.8279
0.8279
0.8278
0.8277
0.8276
0.8276
0.8276
0.8276
0.8276
0.8276
0.8275
0.8275
0.8273
0.8273
0.8271
0.8271
0.8270
0.8270
0.8263
0.8263
0.8263
0.8263
0.8262
0.8261
0.8260
0.8260
0.8259
0.8259
0.8255
0.8255
0.8255
0.8254
0.8253
0.8253
0.8253
0.8252
0.8252
0.8252
0.8250
0.8250
0.8249
0.8249
0.8248
0.8248
0.8248
0.8248
0.8247
0.8246
0.8246
0.8246
0.8242
0.8242
0.8242
0.8242
0.8241
0.8241
0.8239
0.8239
0.8238
0.8238
0.8235
0.8235
0.8235
0.8235
0.8234
0.8234
0.8234
0.8234
0.8233
0.8233
0.8229
0.8229
0.8228
0.8228
0.8226
0.8226
0.8225
0.8225
0.8224
0.8224
0.8222
0.8222
0.8222
0.8222
0.8221
0.8221
0.8220
0.8220
0.8220
0.8219
0.8219
0.8219
0.8218
0.8218
0.8218
0.8217
0.8217
0.8217
0.8217
0.8216
0.8215
0.8215
0.8214
0.8214
0.8212
0.8212
0.8210
0.8210
0.8210
0.8210
0.8208
0.8208
0.8206
0.8205
0.8204
0.8204
0.8204
0.8204
0.8203
0.8203
0.8202
0.8202
0.8202
0.8202
0.8200
0.8200
0.8198
0.8198
0.8198
0.8198
0.8198
0.8198
0.8196
0.8196
0.8194
0.8193
0.8192
0.8192
0.8191
0.8191
0.8190
0.8189
0.8189
0.8189
0.8188
0.8188
0.8188
0.8188
0.8187
0.8187
0.8186
0.8185
0.8183
0.8183
0.8182
0.8182
0.8181
0.8181
0.8180
0.8180
0.8180
0.8180
0.8175
0.8175
0.8174
0.8174
0.8174
0.8174
0.8170
0.8170
0.8168
0.8168
0.8166
0.8166
0.8166
0.8166
0.8166
0.8166
0.8163
0.8163
0.8162
0.8162
0.8162
0.8162
0.8160
0.8160
0.8160
0.8160
0.8158
0.8158
0.8157
0.8157
0.8156
0.8156
0.8156
0.8156
0.8153
0.8153
0.8153
0.8153
0.8151
0.8151
0.8151
0.8151
0.8150
0.8150
0.8149
0.8149
0.8148
0.8148
0.8145
0.8145
0.8145
0.8145
0.8144
0.8144
0.8143
0.8143
0.8143
0.8143
0.8142
0.8142
0.8141
0.8141
0.8141
0.8141
0.8140
0.8140
0.8140
0.8140
0.8138
0.8138
0.8136
0.8136
0.8135
0.8135
0.8129
0.8129
0.8127
0.8127
0.8124
0.8124
0.8122
0.8122
0.8122
0.8122
0.8121
0.8121
0.8119
0.8118
0.8116
0.8116
0.8113
0.8113
0.8112
0.8112
0.8111
0.8111
0.8110
0.8110
0.8108
0.8108
0.8108
0.8107
0.8107
0.8107
0.8107
0.8107
0.8106
0.8106
0.8106
0.8106
0.8105
0.8105
0.8098
0.8098
0.8098
0.8098
0.8097
0.8097
0.8096
0.8096
0.8096
0.8096
0.8092
0.8092
0.8092
0.8092
0.8092
0.8092
0.8089
0.8089
0.8088
0.8088
0.8086
0.8086
0.8086
0.8086
0.8083
0.8083
0.8082
0.8082
0.8082
0.8081
0.8081
0.8081
0.8080
0.8080
0.8080
0.8079
0.8077
0.8077
0.8077
0.8077
0.8077
0.8077
0.8077
0.8077
0.8075
0.8075
0.8073
0.8073
0.8073
0.8073
0.8072
0.8072
0.8071
0.8071
0.8069
0.8069
0.8067
0.8067
0.8065
0.8065
0.8065
0.8065
0.8064
0.8064
0.8062
0.8062
0.8062
0.8062
0.8060
0.8060
0.8059
0.8058
0.8058
0.8057
0.8055
0.8055
0.8052
0.8052
0.8052
0.8052
0.8052
0.8052
0.8051
0.8051
0.8050
0.8050
0.8050
0.8050
0.8049
0.8049
0.8046
0.8046
0.8045
0.8045
0.8045
0.8045
0.8045
0.8045
0.8045
0.8045
0.8042
0.8042
0.8042
0.8042
0.8035
0.8035
0.8033
0.8033
0.8032
0.8032
0.8031
0.8030
0.8030
0.8030
0.8028
0.8028
0.8028
0.8028
0.8027
0.8027
0.8027
0.8026
0.8026
0.8026
0.8026
0.8026
0.8025
0.8025
0.8025
0.8025
0.8023
0.8023
0.8023
0.8023
0.8021
0.8021
0.8019
0.8019
0.8018
0.8018
0.8018
0.8018
0.8016
0.8016
0.8016
0.8016
0.8014
0.8014
0.8013
0.8013
0.8013
0.8013
0.8012
0.8012
0.8010
0.8010
0.8009
0.8009
0.8007
0.8007
0.8006
0.8006
0.8005
0.8005
0.8004
0.8004
0.8004
0.8003
0.8003
0.8003
0.8000
0.8000
0.7999
0.7999
0.7999
0.7998
0.7996
0.7996
0.7995
0.7995
0.7994
0.7994
0.7994
0.7994
0.7993
0.7993
0.7990
0.7990
0.7990
0.7990
0.7990
0.7990
0.7990
0.7990
0.7988
0.7988
0.7988
0.7988
0.7986
0.7986
0.7985
0.7985
0.7985
0.7985
0.7983
0.7983
0.7981
0.7981
0.7981
0.7981
0.7981
0.7980
0.7979
0.7979
0.7979
0.7979
0.7979
0.7979
0.7978
0.7978
0.7978
0.7977
0.7977
0.7976
0.7976
0.7976
0.7973
0.7973
0.7971
0.7971
0.7971
0.7971
0.7970
0.7970
0.7969
0.7969
0.7969
0.7969
0.7967
0.7967
0.7967
0.7967
0.7966
0.7966
0.7962
0.7962
0.7962
0.7962
0.7961
0.7961
0.7958
0.7958
0.7954
0.7954
0.7952
0.7952
0.7951
0.7951
0.7950
0.7950
0.7949
0.7949
0.7947
0.7947
0.7947
0.7947
0.7946
0.7946
0.7945
0.7945
0.7944
0.7944
0.7943
0.7943
0.7943
0.7943
0.7943
0.7943
0.7943
0.7943
0.7940
0.7940
0.7940
0.7940
0.7939
0.7939
0.7939
0.7939
0.7937
0.7937
0.7933
0.7933
0.7932
0.7932
0.7932
0.7932
0.7932
0.7932
0.7929
0.7929
0.7928
0.7928
0.7927
0.7927
0.7927
0.7927
0.7924
0.7924
0.7924
0.7924
0.7924
0.7924
0.7924
0.7924
0.7923
0.7923
0.7922
0.7922
0.7922
0.7922
0.7920
0.7920
0.7918
0.7918
0.7918
0.7918
0.7916
0.7915
0.7915
0.7915
0.7913
0.7913
0.7911
0.7911
0.7911
0.7911
0.7909
0.7909
0.7909
0.7909
0.7909
0.7908
0.7907
0.7907
0.7906
0.7906
0.7906
0.7906
0.7905
0.7905
0.7904
0.7904
0.7904
0.7904
0.7902
0.7902
0.7901
0.7901
0.7900
0.7899
0.7895
0.7895
0.7894
0.7894
0.7892
0.7892
0.7892
0.7891
0.7891
0.7891
0.7888
0.7888
0.7888
0.7888
0.7886
0.7886
0.7884
0.7884
0.7881
0.7881
0.7881
0.7881
0.7880
0.7880
0.7878
0.7878
0.7876
0.7876
0.7874
0.7874
0.7872
0.7872
0.7871
0.7871
0.7871
0.7871
0.7870
0.7870
0.7870
0.7870
0.7867
0.7867
0.7864
0.7864
0.7864
0.7864
0.7863
0.7863
0.7860
0.7860
0.7858
0.7858
0.7856
0.7856
0.7856
0.7856
0.7855
0.7855
0.7854
0.7854
0.7852
0.7852
0.7849
0.7849
0.7849
0.7849
0.7849
0.7849
0.7849
0.7849
0.7848
0.7848
0.7847
0.7847
0.7846
0.7845
0.7845
0.7845
0.7844
0.7844
0.7843
0.7843
0.7843
0.7843
0.7843
0.7843
0.7842
0.7842
0.7841
0.7841
0.7841
0.7841
0.7840
0.7840
0.7840
0.7840
0.7838
0.7838
0.7833
0.7833
0.7832
0.7832
0.7830
0.7830
0.7830
0.7830
0.7825
0.7825
0.7825
0.7825
0.7823
0.7823
0.7819
0.7819
0.7818
0.7818
0.7816
0.7816
0.7815
0.7815
0.7815
0.7814
0.7813
0.7813
0.7809
0.7809
0.7808
0.7808
0.7808
0.7808
0.7808
0.7808
0.7807
0.7806
0.7806
0.7806
0.7806
0.7806
0.7804
0.7804
0.7804
0.7804
0.7802
0.7802
0.7801
0.7801
0.7801
0.7801
0.7797
0.7797
0.7797
0.7796
0.7796
0.7796
0.7796
0.7796
0.7796
0.7796
0.7796
0.7796
0.7795
0.7795
0.7792
0.7792
0.7790
0.7790
0.7790
0.7790
0.7790
0.7789
0.7789
0.7789
0.7789
0.7789
0.7787
0.7787
0.7785
0.7785
0.7783
0.7783
0.7782
0.7782
0.7781
0.7781
0.7780
0.7780
0.7780
0.7780
0.7777
0.7777
0.7777
0.7777
0.7776
0.7776
0.7776
0.7775
0.7775
0.7775
0.7775
0.7775
0.7775
0.7775
0.7774
0.7774
0.7773
0.7773
0.7772
0.7772
0.7772
0.7772
0.7771
0.7771
0.7769
0.7769
0.7765
0.7765
0.7764
0.7764
0.7763
0.7763
0.7760
0.7760
0.7759
0.7759
0.7759
0.7759
0.7758
0.7758
0.7757
0.7757
0.7757
0.7757
0.7756
0.7756
0.7755
0.7755
0.7755
0.7755
0.7755
0.7755
0.7755
0.7755
0.7755
0.7755
0.7754
0.7754
0.7754
0.7754
0.7751
0.7751
0.7747
0.7747
0.7745
0.7745
0.7744
0.7744
0.7742
0.7742
0.7741
0.7741
0.7739
0.7739
0.7738
0.7738
0.7738
0.7737
0.7737
0.7737
0.7737
0.7737
0.7736
0.7735
0.7735
0.7735
0.7733
0.7733
0.7730
0.7730
0.7729
0.7729
0.7724
0.7724
0.7724
0.7724
0.7722
0.7722
0.7722
0.7721
0.7720
0.7720
0.7716
0.7716
0.7712
0.7712
0.7712
0.7712
0.7705
0.7705
0.7705
0.7705
0.7705
0.7705
0.7704
0.7704
0.7703
0.7703
0.7701
0.7701
0.7701
0.7701
0.7700
0.7700
0.7699
0.7699
0.7698
0.7698
0.7697
0.7697
0.7696
0.7696
0.7693
0.7693
0.7688
0.7688
0.7687
0.7687
0.7686
0.7686
0.7685
0.7684
0.7684
0.7684
0.7678
0.7678
0.7676
0.7676
0.7674
0.7674
0.7673
0.7673
0.7672
0.7672
0.7672
0.7672
0.7670
0.7670
0.7665
0.7665
0.7663
0.7663
0.7662
0.7661
0.7661
0.7661
0.7661
0.7661
0.7659
0.7659
0.7659
0.7659
0.7659
0.7659
0.7658
0.7658
0.7658
0.7658
0.7656
0.7656
0.7653
0.7653
0.7651
0.7651
0.7648
0.7648
0.7647
0.7647
0.7647
0.7647
0.7646
0.7646
0.7644
0.7644
0.7643
0.7643
0.7642
0.7642
0.7638
0.7638
0.7638
0.7638
0.7638
0.7638
0.7637
0.7637
0.7633
0.7633
0.7632
0.7632
0.7631
0.7631
0.7631
0.7631
0.7631
0.7630
0.7628
0.7628
0.7625
0.7624
0.7623
0.7623
0.7622
0.7622
0.7622
0.7622
0.7621
0.7621
0.7621
0.7621
0.7620
0.7620
0.7620
0.7620
0.7620
0.7620
0.7620
0.7620
0.7618
0.7618
0.7614
0.7614
0.7614
0.7614
0.7614
0.7614
0.7612
0.7612
0.7612
0.7612
0.7611
0.7611
0.7610
0.7610
0.7610
0.7610
0.7608
0.7608
0.7605
0.7605
0.7605
0.7605
0.7604
0.7604
0.7603
0.7603
0.7600
0.7600
0.7599
0.7599
0.7599
0.7598
0.7596
0.7596
0.7594
0.7594
0.7593
0.7593
0.7592
0.7592
0.7589
0.7589
0.7589
0.7589
0.7589
0.7589
0.7587
0.7587
0.7586
0.7586
0.7586
0.7585
0.7585
0.7585
0.7582
0.7582
0.7581
0.7581
0.7580
0.7580
0.7574
0.7574
0.7572
0.7572
0.7566
0.7566
0.7565
0.7565
0.7563
0.7563
0.7562
0.7561
0.7559
0.7559
0.7558
0.7558
0.7557
0.7557
0.7552
0.7552
0.7550
0.7550
0.7547
0.7547
0.7545
0.7545
0.7545
0.7545
0.7543
0.7543
0.7543
0.7543
0.7542
0.7542
0.7541
0.7541
0.7540
0.7540
0.7539
0.7539
0.7537
0.7537
0.7534
0.7534
0.7529
0.7529
0.7529
0.7529
0.7528
0.7528
0.7524
0.7524
0.7522
0.7522
0.7517
0.7517
0.7517
0.7517
0.7516
0.7516
0.7515
0.7515
0.7515
0.7515
0.7514
0.7514
0.7513
0.7513
0.7511
0.7511
0.7508
0.7508
0.7507
0.7507
0.7506
0.7506
0.7503
0.7503
0.7500
0.7500
0.7500
0.7500
0.7497
0.7497
0.7496
0.7496
0.7496
0.7496
0.7496
0.7496
0.7492
0.7492
0.7491
0.7491
0.7490
0.7490
0.7488
0.7488
0.7488
0.7488
0.7488
0.7488
0.7486
0.7486
0.7483
0.7483
0.7480
0.7480
0.7479
0.7479
0.7475
0.7475
0.7474
0.7474
0.7473
0.7473
0.7473
0.7473
0.7473
0.7473
0.7471
0.7471
0.7469
0.7469
0.7469
0.7469
0.7468
0.7468
0.7467
0.7467
0.7465
0.7465
0.7463
0.7463
0.7462
0.7462
0.7461
0.7461
0.7458
0.7458
0.7456
0.7456
0.7455
0.7455
0.7455
0.7455
0.7452
0.7452
0.7452
0.7452
0.7451
0.7451
0.7451
0.7451
0.7450
0.7450
0.7446
0.7446
0.7446
0.7446
0.7445
0.7445
0.7442
0.7442
0.7441
0.7441
0.7434
0.7434
0.7423
0.7423
0.7422
0.7422
0.7421
0.7421
0.7421
0.7421
0.7417
0.7417
0.7416
0.7416
0.7413
0.7413
0.7413
0.7413
0.7411
0.7411
0.7411
0.7410
0.7410
0.7410
0.7407
0.7407
0.7406
0.7406
0.7405
0.7405
0.7405
0.7405
0.7405
0.7405
0.7402
0.7402
0.7401
0.7401
0.7398
0.7398
0.7396
0.7396
0.7394
0.7394
0.7390
0.7390
0.7389
0.7389
0.7386
0.7386
0.7385
0.7385
0.7384
0.7384
0.7384
0.7383
0.7379
0.7379
0.7375
0.7375
0.7370
0.7370
0.7369
0.7369
0.7362
0.7362
0.7362
0.7362
0.7354
0.7354
0.7348
0.7348
0.7341
0.7341
0.7337
0.7337
0.7336
0.7336
0.7331
0.7331
0.7330
0.7330
0.7329
0.7329
0.7328
0.7328
0.7326
0.7326
0.7323
0.7323
0.7321
0.7321
0.7319
0.7319
0.7318
0.7318
0.7313
0.7313
0.7312
0.7311
0.7310
0.7310
0.7309
0.7309
0.7309
0.7309
0.7306
0.7306
0.7305
0.7305
0.7304
0.7304
0.7304
0.7304
0.7303
0.7303
0.7301
0.7301
0.7300
0.7300
0.7299
0.7299
0.7299
0.7299
0.7295
0.7295
0.7294
0.7294
0.7293
0.7293
0.7289
0.7289
0.7288
0.7288
0.7286
0.7286
0.7286
0.7286
0.7285
0.7285
0.7285
0.7285
0.7284
0.7284
0.7283
0.7283
0.7281
0.7281
0.7277
0.7277
0.7273
0.7273
0.7273
0.7273
0.7272
0.7272
0.7270
0.7270
0.7268
0.7268
0.7265
0.7264
0.7261
0.7261
0.7260
0.7260
0.7257
0.7257
0.7255
0.7254
0.7253
0.7253
0.7250
0.7250
0.7249
0.7249
0.7247
0.7247
0.7240
0.7240
0.7236
0.7236
0.7235
0.7235
0.7233
0.7233
0.7225
0.7225
0.7224
0.7224
0.7210
0.7210
0.7209
0.7208
0.7201
0.7200
0.7192
0.7192
0.7191
0.7191
0.7190
0.7190
0.7190
0.7190
0.7189
0.7189
0.7182
0.7181
0.7180
0.7180
0.7175
0.7175
0.7173
0.7173
0.7170
0.7169
0.7157
0.7157
0.7156
0.7156
0.7154
0.7154
0.7153
0.7152
0.7145
0.7145
0.7143
0.7143
0.7142
0.7142
0.7141
0.7141
0.7140
0.7140
0.7138
0.7138
0.7133
0.7133
0.7133
0.7133
0.7130
0.7130
0.7129
0.7129
0.7127
0.7127
0.7125
0.7124
0.7115
0.7115
0.7105
0.7105
0.7102
0.7102
0.7099
0.7099
0.7099
0.7099
0.7095
0.7095
0.7093
0.7093
0.7081
0.7080
0.7080
0.7080
0.7074
0.7074
0.7073
0.7073
0.7070
0.7070
0.7060
0.7060
0.7056
0.7056
0.7050
0.7050
0.7047
0.7047
0.7041
0.7041
0.7035
0.7035
0.7034
0.7034
0.7032
0.7032
0.7028
0.7028
0.7026
0.7026
0.7024
0.7024
0.7013
0.7013
0.7012
0.7012
0.7008
0.7008
0.7003
0.7003
0.6986
0.6986
0.6982
0.6982
0.6978
0.6978
0.6977
0.6976
0.6976
0.6976
0.6962
0.6962
0.6961
0.6961
0.6953
0.6953
0.6933
0.6933
0.6927
0.6927
0.6925
0.6925
0.6920
0.6920
0.6917
0.6917
0.6914
0.6914
0.6912
0.6912
0.6885
0.6885
0.6879
0.6878
0.6868
0.6868
0.6864
0.6864
0.6856
0.6856
0.6853
0.6853
0.6845
0.6845
0.6840
0.6840
0.6839
0.6838
0.6834
0.6834
0.6834
0.6834
0.6830
0.6830
0.6828
0.6828
0.6824
0.6823
0.6822
0.6822
0.6821
0.6821
0.6819
0.6819
0.6819
0.6819
0.6818
0.6818
0.6783
0.6783
0.6775
0.6775
0.6767
0.6767
0.6767
0.6767
0.6763
0.6763
0.6761
0.6761
0.6742
0.6742
0.6741
0.6741
0.6731
0.6731
0.6731
0.6731
0.6731
0.6731
0.6728
0.6728
0.6716
0.6716
0.6708
0.6708
0.6694
0.6694
0.6693
0.6693
0.6690
0.6690
0.6677
0.6677
0.6652
0.6652
0.6652
0.6652
0.6650
0.6650
0.6637
0.6637
0.6604
0.6604
0.6603
0.6603
0.6585
0.6585
0.6579
0.6579
0.6554
0.6554
0.6545
0.6545
0.6539
0.6539
0.6528
0.6528
0.6478
0.6478
0.6463
0.6463
0.6435
0.6434
0.6414
0.6414
0.6388
0.6387
0.6386
0.6386
0.6372
0.6372
0.6331
0.6331
0.6327
0.6327
0.6303
0.6303
0.6303
0.6303
0.6291
0.6291
0.6284
0.6284
0.6267
0.6267
0.6255
0.6255
0.6244
0.6244
0.6242
0.6242
0.6226
0.6226
0.6200
0.6200
0.6194
0.6194
0.6184
0.6183
0.6164
0.6164
0.6129
0.6129
0.6007
0.6007
0.5997
0.5997
0.5996
0.5996
0.5892
0.5892
0.5384
0.5384
0.0000
0.0000
0.0000
